{
 "cells": [
  {
   "cell_type": "code",
   "execution_count": 2,
   "metadata": {},
   "outputs": [],
   "source": [
    "from requests import post\n",
    "from app.analysis import Quote\n",
    "query = 'query UnknownFile($limit_0:[FundLimitOptionInput!]!) {viewer {...Fe}} fragment Fe on Viewer {_screenFunds4s9d1a:screenFunds(filterCategory:[\"$$\"],limit:$limit_0,first:100) {edges {node {symbol}}}}'\n",
    "variables = {'limit_0':[{'type':'FUND_TOTAL_ASSETS','min':1600000000,'inclusive':True},{'type':'FUND_NET_EXPENSE_RATIO','max':.5,'inclusive':True}]}\n",
    "r = post('https://lens.m1finance.com/graphql', json={'query': query.replace('$$', 'Equities\",\"Domestic'), 'variables': variables}).json()\n",
    "symbols = [n['node']['symbol'] for n in r['data']['viewer']['_screenFunds4s9d1a']['edges']]"
   ]
  },
  {
   "cell_type": "code",
   "execution_count": 3,
   "metadata": {},
   "outputs": [
    {
     "data": {
      "text/plain": [
       "'from 2019-04-26 to 2019-07-05 - 94'"
      ]
     },
     "execution_count": 3,
     "metadata": {},
     "output_type": "execute_result"
    }
   ],
   "source": [
    "quote = Quote(symbols, 70, 20)\n",
    "f'from {quote.start.date()} to {quote.end.date()} - {len(quote.data.columns)}'"
   ]
  },
  {
   "cell_type": "code",
   "execution_count": 4,
   "metadata": {},
   "outputs": [
    {
     "name": "stdout",
     "output_type": "stream",
     "text": [
      "8\n"
     ]
    },
    {
     "data": {
      "text/html": [
       "<div>\n",
       "<style scoped>\n",
       "    .dataframe tbody tr th:only-of-type {\n",
       "        vertical-align: middle;\n",
       "    }\n",
       "\n",
       "    .dataframe tbody tr th {\n",
       "        vertical-align: top;\n",
       "    }\n",
       "\n",
       "    .dataframe thead th {\n",
       "        text-align: right;\n",
       "    }\n",
       "</style>\n",
       "<table border=\"1\" class=\"dataframe\">\n",
       "  <thead>\n",
       "    <tr style=\"text-align: right;\">\n",
       "      <th></th>\n",
       "      <th>len</th>\n",
       "      <th>mean</th>\n",
       "      <th>std</th>\n",
       "      <th>shrp</th>\n",
       "      <th>drawdown</th>\n",
       "    </tr>\n",
       "    <tr>\n",
       "      <th>Symbols</th>\n",
       "      <th></th>\n",
       "      <th></th>\n",
       "      <th></th>\n",
       "      <th></th>\n",
       "      <th></th>\n",
       "    </tr>\n",
       "  </thead>\n",
       "  <tbody>\n",
       "    <tr>\n",
       "      <th>PGX</th>\n",
       "      <td>29</td>\n",
       "      <td>0.989844</td>\n",
       "      <td>0.283187</td>\n",
       "      <td>2.934855</td>\n",
       "      <td>0.582894</td>\n",
       "    </tr>\n",
       "    <tr>\n",
       "      <th>PFF</th>\n",
       "      <td>29</td>\n",
       "      <td>1.110207</td>\n",
       "      <td>0.502986</td>\n",
       "      <td>1.891659</td>\n",
       "      <td>0.754922</td>\n",
       "    </tr>\n",
       "    <tr>\n",
       "      <th>SPLV</th>\n",
       "      <td>29</td>\n",
       "      <td>2.842494</td>\n",
       "      <td>1.636031</td>\n",
       "      <td>1.640411</td>\n",
       "      <td>2.660443</td>\n",
       "    </tr>\n",
       "    <tr>\n",
       "      <th>USMV</th>\n",
       "      <td>29</td>\n",
       "      <td>3.071987</td>\n",
       "      <td>2.041708</td>\n",
       "      <td>1.426873</td>\n",
       "      <td>2.180427</td>\n",
       "    </tr>\n",
       "    <tr>\n",
       "      <th>MTUM</th>\n",
       "      <td>29</td>\n",
       "      <td>3.477038</td>\n",
       "      <td>2.963350</td>\n",
       "      <td>1.119783</td>\n",
       "      <td>2.859384</td>\n",
       "    </tr>\n",
       "    <tr>\n",
       "      <th>VIG</th>\n",
       "      <td>29</td>\n",
       "      <td>2.234244</td>\n",
       "      <td>3.409036</td>\n",
       "      <td>0.608827</td>\n",
       "      <td>4.634193</td>\n",
       "    </tr>\n",
       "    <tr>\n",
       "      <th>NOBL</th>\n",
       "      <td>29</td>\n",
       "      <td>1.956163</td>\n",
       "      <td>3.552121</td>\n",
       "      <td>0.506017</td>\n",
       "      <td>5.499130</td>\n",
       "    </tr>\n",
       "    <tr>\n",
       "      <th>XMLV</th>\n",
       "      <td>29</td>\n",
       "      <td>1.068967</td>\n",
       "      <td>2.032505</td>\n",
       "      <td>0.447840</td>\n",
       "      <td>3.688597</td>\n",
       "    </tr>\n",
       "  </tbody>\n",
       "</table>\n",
       "</div>"
      ],
      "text/plain": [
       "         len      mean       std      shrp  drawdown\n",
       "Symbols                                             \n",
       "PGX       29  0.989844  0.283187  2.934855  0.582894\n",
       "PFF       29  1.110207  0.502986  1.891659  0.754922\n",
       "SPLV      29  2.842494  1.636031  1.640411  2.660443\n",
       "USMV      29  3.071987  2.041708  1.426873  2.180427\n",
       "MTUM      29  3.477038  2.963350  1.119783  2.859384\n",
       "VIG       29  2.234244  3.409036  0.608827  4.634193\n",
       "NOBL      29  1.956163  3.552121  0.506017  5.499130\n",
       "XMLV      29  1.068967  2.032505  0.447840  3.688597"
      ]
     },
     "execution_count": 4,
     "metadata": {},
     "output_type": "execute_result"
    }
   ],
   "source": [
    "stat = quote.statistics()\n",
    "stat = stat[(stat['drawdown'] < 8) & (stat['shrp'] > 0.4)]\n",
    "print(len(stat))\n",
    "stat"
   ]
  },
  {
   "cell_type": "code",
   "execution_count": 5,
   "metadata": {},
   "outputs": [
    {
     "data": {
      "text/html": [
       "<div>\n",
       "<style scoped>\n",
       "    .dataframe tbody tr th:only-of-type {\n",
       "        vertical-align: middle;\n",
       "    }\n",
       "\n",
       "    .dataframe tbody tr th {\n",
       "        vertical-align: top;\n",
       "    }\n",
       "\n",
       "    .dataframe thead th {\n",
       "        text-align: right;\n",
       "    }\n",
       "</style>\n",
       "<table border=\"1\" class=\"dataframe\">\n",
       "  <thead>\n",
       "    <tr style=\"text-align: right;\">\n",
       "      <th>Symbols</th>\n",
       "      <th>PGX</th>\n",
       "      <th>PFF</th>\n",
       "      <th>SPLV</th>\n",
       "      <th>USMV</th>\n",
       "      <th>MTUM</th>\n",
       "      <th>VIG</th>\n",
       "      <th>NOBL</th>\n",
       "      <th>XMLV</th>\n",
       "    </tr>\n",
       "    <tr>\n",
       "      <th>Symbols</th>\n",
       "      <th></th>\n",
       "      <th></th>\n",
       "      <th></th>\n",
       "      <th></th>\n",
       "      <th></th>\n",
       "      <th></th>\n",
       "      <th></th>\n",
       "      <th></th>\n",
       "    </tr>\n",
       "  </thead>\n",
       "  <tbody>\n",
       "    <tr>\n",
       "      <th>PGX</th>\n",
       "      <td>1.000000</td>\n",
       "      <td>0.776329</td>\n",
       "      <td>0.511495</td>\n",
       "      <td>0.477139</td>\n",
       "      <td>0.448923</td>\n",
       "      <td>0.399289</td>\n",
       "      <td>0.384733</td>\n",
       "      <td>0.418689</td>\n",
       "    </tr>\n",
       "    <tr>\n",
       "      <th>PFF</th>\n",
       "      <td>0.776329</td>\n",
       "      <td>1.000000</td>\n",
       "      <td>0.789202</td>\n",
       "      <td>0.827639</td>\n",
       "      <td>0.841531</td>\n",
       "      <td>0.792260</td>\n",
       "      <td>0.786799</td>\n",
       "      <td>0.826401</td>\n",
       "    </tr>\n",
       "    <tr>\n",
       "      <th>SPLV</th>\n",
       "      <td>0.511495</td>\n",
       "      <td>0.789202</td>\n",
       "      <td>1.000000</td>\n",
       "      <td>0.935041</td>\n",
       "      <td>0.839385</td>\n",
       "      <td>0.783243</td>\n",
       "      <td>0.793286</td>\n",
       "      <td>0.827186</td>\n",
       "    </tr>\n",
       "    <tr>\n",
       "      <th>USMV</th>\n",
       "      <td>0.477139</td>\n",
       "      <td>0.827639</td>\n",
       "      <td>0.935041</td>\n",
       "      <td>1.000000</td>\n",
       "      <td>0.966341</td>\n",
       "      <td>0.947507</td>\n",
       "      <td>0.952628</td>\n",
       "      <td>0.943936</td>\n",
       "    </tr>\n",
       "    <tr>\n",
       "      <th>MTUM</th>\n",
       "      <td>0.448923</td>\n",
       "      <td>0.841531</td>\n",
       "      <td>0.839385</td>\n",
       "      <td>0.966341</td>\n",
       "      <td>1.000000</td>\n",
       "      <td>0.980275</td>\n",
       "      <td>0.976186</td>\n",
       "      <td>0.964154</td>\n",
       "    </tr>\n",
       "    <tr>\n",
       "      <th>VIG</th>\n",
       "      <td>0.399289</td>\n",
       "      <td>0.792260</td>\n",
       "      <td>0.783243</td>\n",
       "      <td>0.947507</td>\n",
       "      <td>0.980275</td>\n",
       "      <td>1.000000</td>\n",
       "      <td>0.996348</td>\n",
       "      <td>0.970803</td>\n",
       "    </tr>\n",
       "    <tr>\n",
       "      <th>NOBL</th>\n",
       "      <td>0.384733</td>\n",
       "      <td>0.786799</td>\n",
       "      <td>0.793286</td>\n",
       "      <td>0.952628</td>\n",
       "      <td>0.976186</td>\n",
       "      <td>0.996348</td>\n",
       "      <td>1.000000</td>\n",
       "      <td>0.971809</td>\n",
       "    </tr>\n",
       "    <tr>\n",
       "      <th>XMLV</th>\n",
       "      <td>0.418689</td>\n",
       "      <td>0.826401</td>\n",
       "      <td>0.827186</td>\n",
       "      <td>0.943936</td>\n",
       "      <td>0.964154</td>\n",
       "      <td>0.970803</td>\n",
       "      <td>0.971809</td>\n",
       "      <td>1.000000</td>\n",
       "    </tr>\n",
       "  </tbody>\n",
       "</table>\n",
       "</div>"
      ],
      "text/plain": [
       "Symbols       PGX       PFF      SPLV      USMV      MTUM       VIG      NOBL  \\\n",
       "Symbols                                                                         \n",
       "PGX      1.000000  0.776329  0.511495  0.477139  0.448923  0.399289  0.384733   \n",
       "PFF      0.776329  1.000000  0.789202  0.827639  0.841531  0.792260  0.786799   \n",
       "SPLV     0.511495  0.789202  1.000000  0.935041  0.839385  0.783243  0.793286   \n",
       "USMV     0.477139  0.827639  0.935041  1.000000  0.966341  0.947507  0.952628   \n",
       "MTUM     0.448923  0.841531  0.839385  0.966341  1.000000  0.980275  0.976186   \n",
       "VIG      0.399289  0.792260  0.783243  0.947507  0.980275  1.000000  0.996348   \n",
       "NOBL     0.384733  0.786799  0.793286  0.952628  0.976186  0.996348  1.000000   \n",
       "XMLV     0.418689  0.826401  0.827186  0.943936  0.964154  0.970803  0.971809   \n",
       "\n",
       "Symbols      XMLV  \n",
       "Symbols            \n",
       "PGX      0.418689  \n",
       "PFF      0.826401  \n",
       "SPLV     0.827186  \n",
       "USMV     0.943936  \n",
       "MTUM     0.964154  \n",
       "VIG      0.970803  \n",
       "NOBL     0.971809  \n",
       "XMLV     1.000000  "
      ]
     },
     "execution_count": 5,
     "metadata": {},
     "output_type": "execute_result"
    }
   ],
   "source": [
    "quote.setup_mask(stat.index)\n",
    "quote.data.pct_change(quote.period).corr()"
   ]
  },
  {
   "cell_type": "code",
   "execution_count": null,
   "metadata": {},
   "outputs": [],
   "source": []
  }
 ],
 "metadata": {
  "kernelspec": {
   "display_name": "Python 3",
   "language": "python",
   "name": "python3"
  },
  "language_info": {
   "codemirror_mode": {
    "name": "ipython",
    "version": 3
   },
   "file_extension": ".py",
   "mimetype": "text/x-python",
   "name": "python",
   "nbconvert_exporter": "python",
   "pygments_lexer": "ipython3",
   "version": "3.7.3"
  }
 },
 "nbformat": 4,
 "nbformat_minor": 2
}
