{
 "cells": [
  {
   "cell_type": "code",
   "execution_count": 1,
   "metadata": {},
   "outputs": [],
   "source": [
    "from requests import post\n",
    "from app.analysis import Quote\n",
    "query = 'query UnknownFile($limit_0:[FundLimitOptionInput!]!) {viewer {...Fe}} fragment Fe on Viewer {_screenFunds4s9d1a:screenFunds(filterCategory:[\"$$\"],limit:$limit_0,first:100) {edges {node {symbol}}}}'\n",
    "variables = {'limit_0':[{'type':'FUND_TOTAL_ASSETS','min':2000000000,'inclusive':True},{'type':'FUND_NET_EXPENSE_RATIO','max':.5,'inclusive':True}]}\n",
    "r = post('https://lens.m1finance.com/graphql', json={'query': query.replace('$$', 'Equities\",\"Domestic'), 'variables': variables}).json()\n",
    "symbols = [n['node']['symbol'] for n in r['data']['viewer']['_screenFunds4s9d1a']['edges']]"
   ]
  },
  {
   "cell_type": "code",
   "execution_count": 2,
   "metadata": {},
   "outputs": [
    {
     "data": {
      "text/plain": [
       "'from 2019-04-25 to 2019-07-03 - 86'"
      ]
     },
     "execution_count": 2,
     "metadata": {},
     "output_type": "execute_result"
    }
   ],
   "source": [
    "quote = Quote(symbols, 70, 20)\n",
    "f'from {quote.start.date()} to {quote.end.date()} - {len(quote.data.columns)}'"
   ]
  },
  {
   "cell_type": "code",
   "execution_count": 12,
   "metadata": {},
   "outputs": [
    {
     "data": {
      "text/html": [
       "<div>\n",
       "<style scoped>\n",
       "    .dataframe tbody tr th:only-of-type {\n",
       "        vertical-align: middle;\n",
       "    }\n",
       "\n",
       "    .dataframe tbody tr th {\n",
       "        vertical-align: top;\n",
       "    }\n",
       "\n",
       "    .dataframe thead th {\n",
       "        text-align: right;\n",
       "    }\n",
       "</style>\n",
       "<table border=\"1\" class=\"dataframe\">\n",
       "  <thead>\n",
       "    <tr style=\"text-align: right;\">\n",
       "      <th></th>\n",
       "      <th>len</th>\n",
       "      <th>mean</th>\n",
       "      <th>std</th>\n",
       "      <th>shrp</th>\n",
       "      <th>drawdown</th>\n",
       "    </tr>\n",
       "    <tr>\n",
       "      <th>Symbols</th>\n",
       "      <th></th>\n",
       "      <th></th>\n",
       "      <th></th>\n",
       "      <th></th>\n",
       "      <th></th>\n",
       "    </tr>\n",
       "  </thead>\n",
       "  <tbody>\n",
       "    <tr>\n",
       "      <th>PGX</th>\n",
       "      <td>29</td>\n",
       "      <td>0.973107</td>\n",
       "      <td>0.296544</td>\n",
       "      <td>2.746227</td>\n",
       "      <td>0.582894</td>\n",
       "    </tr>\n",
       "    <tr>\n",
       "      <th>PFF</th>\n",
       "      <td>29</td>\n",
       "      <td>1.082920</td>\n",
       "      <td>0.521737</td>\n",
       "      <td>1.771370</td>\n",
       "      <td>0.754922</td>\n",
       "    </tr>\n",
       "    <tr>\n",
       "      <th>SPLV</th>\n",
       "      <td>29</td>\n",
       "      <td>2.828366</td>\n",
       "      <td>1.644700</td>\n",
       "      <td>1.623175</td>\n",
       "      <td>2.660443</td>\n",
       "    </tr>\n",
       "    <tr>\n",
       "      <th>USMV</th>\n",
       "      <td>29</td>\n",
       "      <td>2.990751</td>\n",
       "      <td>2.077508</td>\n",
       "      <td>1.363182</td>\n",
       "      <td>2.180427</td>\n",
       "    </tr>\n",
       "    <tr>\n",
       "      <th>MTUM</th>\n",
       "      <td>29</td>\n",
       "      <td>3.326655</td>\n",
       "      <td>3.008634</td>\n",
       "      <td>1.052944</td>\n",
       "      <td>2.859384</td>\n",
       "    </tr>\n",
       "    <tr>\n",
       "      <th>VIG</th>\n",
       "      <td>29</td>\n",
       "      <td>2.030452</td>\n",
       "      <td>3.456400</td>\n",
       "      <td>0.541523</td>\n",
       "      <td>4.634193</td>\n",
       "    </tr>\n",
       "    <tr>\n",
       "      <th>NOBL</th>\n",
       "      <td>29</td>\n",
       "      <td>1.738059</td>\n",
       "      <td>3.616026</td>\n",
       "      <td>0.436758</td>\n",
       "      <td>5.499130</td>\n",
       "    </tr>\n",
       "    <tr>\n",
       "      <th>XMLV</th>\n",
       "      <td>29</td>\n",
       "      <td>0.973111</td>\n",
       "      <td>2.025095</td>\n",
       "      <td>0.402144</td>\n",
       "      <td>3.688597</td>\n",
       "    </tr>\n",
       "  </tbody>\n",
       "</table>\n",
       "</div>"
      ],
      "text/plain": [
       "         len      mean       std      shrp  drawdown\n",
       "Symbols                                             \n",
       "PGX       29  0.973107  0.296544  2.746227  0.582894\n",
       "PFF       29  1.082920  0.521737  1.771370  0.754922\n",
       "SPLV      29  2.828366  1.644700  1.623175  2.660443\n",
       "USMV      29  2.990751  2.077508  1.363182  2.180427\n",
       "MTUM      29  3.326655  3.008634  1.052944  2.859384\n",
       "VIG       29  2.030452  3.456400  0.541523  4.634193\n",
       "NOBL      29  1.738059  3.616026  0.436758  5.499130\n",
       "XMLV      29  0.973111  2.025095  0.402144  3.688597"
      ]
     },
     "execution_count": 12,
     "metadata": {},
     "output_type": "execute_result"
    }
   ],
   "source": [
    "quote.drop_mask()\n",
    "stat = quote.statistics()\n",
    "stat = stat[(stat['drawdown'] < 8) & (stat['shrp'] > 0.4)]\n",
    "stat"
   ]
  },
  {
   "cell_type": "code",
   "execution_count": 19,
   "metadata": {},
   "outputs": [
    {
     "data": {
      "text/html": [
       "<div>\n",
       "<style scoped>\n",
       "    .dataframe tbody tr th:only-of-type {\n",
       "        vertical-align: middle;\n",
       "    }\n",
       "\n",
       "    .dataframe tbody tr th {\n",
       "        vertical-align: top;\n",
       "    }\n",
       "\n",
       "    .dataframe thead th {\n",
       "        text-align: right;\n",
       "    }\n",
       "</style>\n",
       "<table border=\"1\" class=\"dataframe\">\n",
       "  <thead>\n",
       "    <tr style=\"text-align: right;\">\n",
       "      <th>Symbols</th>\n",
       "      <th>PGX</th>\n",
       "      <th>PFF</th>\n",
       "      <th>SPLV</th>\n",
       "      <th>USMV</th>\n",
       "      <th>MTUM</th>\n",
       "      <th>VIG</th>\n",
       "      <th>NOBL</th>\n",
       "      <th>XMLV</th>\n",
       "    </tr>\n",
       "    <tr>\n",
       "      <th>Symbols</th>\n",
       "      <th></th>\n",
       "      <th></th>\n",
       "      <th></th>\n",
       "      <th></th>\n",
       "      <th></th>\n",
       "      <th></th>\n",
       "      <th></th>\n",
       "      <th></th>\n",
       "    </tr>\n",
       "  </thead>\n",
       "  <tbody>\n",
       "    <tr>\n",
       "      <th>PGX</th>\n",
       "      <td>1.000000</td>\n",
       "      <td>0.793603</td>\n",
       "      <td>0.527121</td>\n",
       "      <td>0.502957</td>\n",
       "      <td>0.478109</td>\n",
       "      <td>0.435101</td>\n",
       "      <td>0.424353</td>\n",
       "      <td>0.433847</td>\n",
       "    </tr>\n",
       "    <tr>\n",
       "      <th>PFF</th>\n",
       "      <td>0.793603</td>\n",
       "      <td>1.000000</td>\n",
       "      <td>0.794629</td>\n",
       "      <td>0.833381</td>\n",
       "      <td>0.848437</td>\n",
       "      <td>0.805181</td>\n",
       "      <td>0.801008</td>\n",
       "      <td>0.827507</td>\n",
       "    </tr>\n",
       "    <tr>\n",
       "      <th>SPLV</th>\n",
       "      <td>0.527121</td>\n",
       "      <td>0.794629</td>\n",
       "      <td>1.000000</td>\n",
       "      <td>0.941767</td>\n",
       "      <td>0.855549</td>\n",
       "      <td>0.806502</td>\n",
       "      <td>0.814564</td>\n",
       "      <td>0.854138</td>\n",
       "    </tr>\n",
       "    <tr>\n",
       "      <th>USMV</th>\n",
       "      <td>0.502957</td>\n",
       "      <td>0.833381</td>\n",
       "      <td>0.941767</td>\n",
       "      <td>1.000000</td>\n",
       "      <td>0.968919</td>\n",
       "      <td>0.953205</td>\n",
       "      <td>0.957375</td>\n",
       "      <td>0.948716</td>\n",
       "    </tr>\n",
       "    <tr>\n",
       "      <th>MTUM</th>\n",
       "      <td>0.478109</td>\n",
       "      <td>0.848437</td>\n",
       "      <td>0.855549</td>\n",
       "      <td>0.968919</td>\n",
       "      <td>1.000000</td>\n",
       "      <td>0.981448</td>\n",
       "      <td>0.977042</td>\n",
       "      <td>0.963392</td>\n",
       "    </tr>\n",
       "    <tr>\n",
       "      <th>VIG</th>\n",
       "      <td>0.435101</td>\n",
       "      <td>0.805181</td>\n",
       "      <td>0.806502</td>\n",
       "      <td>0.953205</td>\n",
       "      <td>0.981448</td>\n",
       "      <td>1.000000</td>\n",
       "      <td>0.996373</td>\n",
       "      <td>0.967363</td>\n",
       "    </tr>\n",
       "    <tr>\n",
       "      <th>NOBL</th>\n",
       "      <td>0.424353</td>\n",
       "      <td>0.801008</td>\n",
       "      <td>0.814564</td>\n",
       "      <td>0.957375</td>\n",
       "      <td>0.977042</td>\n",
       "      <td>0.996373</td>\n",
       "      <td>1.000000</td>\n",
       "      <td>0.967203</td>\n",
       "    </tr>\n",
       "    <tr>\n",
       "      <th>XMLV</th>\n",
       "      <td>0.433847</td>\n",
       "      <td>0.827507</td>\n",
       "      <td>0.854138</td>\n",
       "      <td>0.948716</td>\n",
       "      <td>0.963392</td>\n",
       "      <td>0.967363</td>\n",
       "      <td>0.967203</td>\n",
       "      <td>1.000000</td>\n",
       "    </tr>\n",
       "  </tbody>\n",
       "</table>\n",
       "</div>"
      ],
      "text/plain": [
       "Symbols       PGX       PFF      SPLV      USMV      MTUM       VIG      NOBL  \\\n",
       "Symbols                                                                         \n",
       "PGX      1.000000  0.793603  0.527121  0.502957  0.478109  0.435101  0.424353   \n",
       "PFF      0.793603  1.000000  0.794629  0.833381  0.848437  0.805181  0.801008   \n",
       "SPLV     0.527121  0.794629  1.000000  0.941767  0.855549  0.806502  0.814564   \n",
       "USMV     0.502957  0.833381  0.941767  1.000000  0.968919  0.953205  0.957375   \n",
       "MTUM     0.478109  0.848437  0.855549  0.968919  1.000000  0.981448  0.977042   \n",
       "VIG      0.435101  0.805181  0.806502  0.953205  0.981448  1.000000  0.996373   \n",
       "NOBL     0.424353  0.801008  0.814564  0.957375  0.977042  0.996373  1.000000   \n",
       "XMLV     0.433847  0.827507  0.854138  0.948716  0.963392  0.967363  0.967203   \n",
       "\n",
       "Symbols      XMLV  \n",
       "Symbols            \n",
       "PGX      0.433847  \n",
       "PFF      0.827507  \n",
       "SPLV     0.854138  \n",
       "USMV     0.948716  \n",
       "MTUM     0.963392  \n",
       "VIG      0.967363  \n",
       "NOBL     0.967203  \n",
       "XMLV     1.000000  "
      ]
     },
     "execution_count": 19,
     "metadata": {},
     "output_type": "execute_result"
    }
   ],
   "source": [
    "quote.setup_mask(stat.index)\n",
    "quote.data.pct_change(quote.period).corr()"
   ]
  },
  {
   "cell_type": "code",
   "execution_count": null,
   "metadata": {},
   "outputs": [],
   "source": []
  }
 ],
 "metadata": {
  "kernelspec": {
   "display_name": "Python 3",
   "language": "python",
   "name": "python3"
  },
  "language_info": {
   "codemirror_mode": {
    "name": "ipython",
    "version": 3
   },
   "file_extension": ".py",
   "mimetype": "text/x-python",
   "name": "python",
   "nbconvert_exporter": "python",
   "pygments_lexer": "ipython3",
   "version": "3.7.3"
  }
 },
 "nbformat": 4,
 "nbformat_minor": 2
}
